! 0 200 200 860 1
PAGE-WIDTH 588
BOX 0 0 588 760 1
BOX 0 0 606 126 1
BOX 0 126 606 260 2
BARCODE 128 2 0 80 28 140 123456789123
TEXT 7 2 28 225 母单号
TEXT 7 2 133 225 123 456 789 123
BOX 387 126 606 260 1
TEXT 7 1 415 176 悟空快运
BOX 0 260 606 352 2
BOX 0 260 42 352 1
TEXT 7 2 7 267 收
TEXT 7 2 7 292 件
TEXT 7 2 7 317 方
TEXT 7 3 56 274 刘德华
TEXT 7 2 197 274 136 0000 0000
TEXT 7 2 56 317 广东省深圳市南山区软件产业基地17楼
BOX 0 352 514 444 1
TEXT 7 2 7 359 寄
TEXT 7 2 7 384 件
TEXT 7 2 7 409 方
BOX 0 352 42 444 1
TEXT 7 3 56 366 张学友
TEXT 7 2 197 366 186 8888 8888
TEXT 7 2 56 408 广东省深圳市南山区软件产业基地17楼
BOX 0 444 514 563 2
BOX 0 444 42 563 1
TEXT 7 2 7 465 寄
TEXT 7 2 7 490 托
TEXT 7 2 7 515 物
TEXT 7 2 56 451 服务类型：
TEXT 7 2 162 451 门到门
TEXT 7 2 56 479 增值服务：
TEXT 7 2 162 479 保价
TEXT 7 2 56 507 备注说明：
TEXT 7 2 162 507 我
TEXT 7 2 187 507 是
TEXT 7 2 212 507 备
TEXT 7 2 237 507 注
BOX 514 352 606 563 1
TEXT 7 2 528 359 寄
TEXT 7 2 528 384 件
TEXT 7 2 528 409 客
TEXT 7 2 528 434 户
TEXT 7 2 528 459 存
TEXT 7 2 528 484 根
TEXT 7 2 528 509 联
BOX 0 563 352 634 1
BOX 0 563 77 634 1
TEXT 7 3 0 584 总件数
BOX 140 563 246 634 1
TEXT 7 2 148 584 计费重量
BOX 0 634 352 704 1
BOX 0 634 77 704 1
TEXT 7 2 7 655 运费
BOX 352 563 606 704 1
TEXT 7 2 359 577 寄件客户签名：
TEXT 7 2 472 676 月
TEXT 7 2 542 676 日
TEXT 7 2 14 711 *签收前请注意检查获取包装！
CG SFLOGOWIDTH SFLOGOHEIGHT 14 14 SFLOGOIMAGEDATA
PRINT

